10
727628542118582370155896627815565554651262359107130054008514728411281717089322041051874506226332187067653476582634381554028465408823798059444173501892444439111765761920014555305143596198311370262689201405489018022269842050835281190364096338542210498341942134750761840958217309180896417528994960910821096515671 148996287436207251215859301252103881644153965810912346417894718524741368866457144014603411623164192133729739131445404168631984033017319994789448978502294613913764658242633148555841180054511715253648481082664933144465411168868739103742283315406393576930491216262334721718407164804311539272761754660840785569503672
1669391680101855042414329052411344015716474494024737680520418340268849673983199416424919818548231210123620212830161084731183210416556711633025571006542844208861114520405083281406125345517489557111296901784624566914536566761774774463821956076118538803617958232251083522163127509469055105613310573125057716754211448470623 157445233837793024710676062051531962856716258471148587064356979532805044171140318520816216057671128550926198992809221206523401044427780257534271180742593366556743513388545022920085133751261110997359647304082849140813193327423828277963131900959394108802393321397920211867968139242311220909751665715449549
59993507998968809665842027314284832351968194581961962076881568927173144977218480515922062636336111640330856380560357636320158492356888940357911510863501407513343352531602213124584219221873059915263878322239147750344666274832216864895081819897730132681626115141684768663241871413190399134317893820312277752130817123 138812115612151627511525719765204350590611839472011910522991209428297432164836253407904119566886731182355392114018940960776048717204242866746040231104349786112432205473456852077341875204366951310277338448404379531727335148817231593129208954763151385711024883429847250092274665912254943332326137231745552901238729120
41544258211884624261616701827698857631370345299239439830920249018173513750981278561158234673118596547993821587091138745300697834935215153812123374441410178799216152361921184151551126494200351262792026283384817149148292052117892185365765810133525301860167220169081014013847249313495591061776456389101571449113195967761824554297320436930178752090317091472651429804276980243225 10192138671843245467199305063012972336559011005281608230643151756337194352493419135575610758989491576301681109529944411622762661909543968116806821112253009723849741741324963038123680733812819630529138116066713433211233383956730949237189069528920587175341538532469105748990613888350826728975398922945313569284772303510982080066888194320629914929678911774690212
153096471530391841518039603561144932848170135059316010499124036791856486323248223893292391295816083061697673654616471078763787615021765626262210918395250927986014152739571363191619463647118323123455560064617605556211055738419207473974121479269220390908211283133045183315966017763155092212049228231624314481977171839577141171867994913311714821558848772 202639810914442479052125744242684689292489578521108560642613119729577667367188826054351229725894199509063713473422441199116176171401624452883001039549334310698615952040412907266569601126249858918806566881331354586430313852133353367383175240056840043231180458469192289620766219531436241466518707626159448123511276957192430932861819957229
191272981885999201042034878737623186417617425735851160481324449288684113569267319589869786129219512851963972948277895794134800592058507638420145601401471165455838969874162312627618414276212085428665100643412047034150139073394410166952551603563209193755550644851000314259674936644108613851710021380166625202324273421079290848918571614623191283986753919058871591489212171 667907711755737751675634255195677553744571290420915683333741016611504414318205760859911763804862101577452969419913175225682621419702489456104921492742816612511761494039102198648781121269388339299270879374002861553227410985488711183140925311659375212020580536120367706129432343458926406773099071479897018861954511
24711177212981994351378004667101676017349096184013077778951773029895997855163114816718810227768091470477047172933176117706339861941980878182470324214945595981421690482161269159848344060615955934693298477167430921993101661974117071711615191065307564986189190678616758501812027826673193467702131136565020485508371115289461162069452610344601121670397652128264561 1491495186139541144150913133125138694119586190081706543154108821416019859724049523477996787833214190819777000821890278587218961454291726223090892812147190084531697674546311347631551633057516501621421297850279460068319593127791182859225611610334651701052788277834657365775186121108907613123434101192278878287084112898464326
170702889721024130452114198932163492676053356775266706531862323550815341795781462772634189800453115239158056315073131995344163176310541415959892761110550093560144605484416938679791209614256401469621640451177023160444560415485271857992619081655263885752427310369962258767471088133684991170865697278599480624095739111028025421079223301670204003985702648 15495146374321694385535319461820145956155736139466012435919977746557232449911644288340166967595282267181917928337637650732821467546787210700697610037093211885002877161205755516905320091509224485544759818276989319537166129199950021729104574615589228541170131202175215980625183291912420487294994920227526289501350191631292445428493798294539241350
355917727810814995498767232203036373798261169776000768793292657821131210161677275494854013647175105697820802916843780611921273213223122405995457754556014527869719244255611507326320537758129757807972328914032136526893072643129925994876618815695926917265431380214132096988141785514461 189986789819781184022114085091252586581201825008665241261348877182750475002203466586310836897112632800465963532711952589544236012600114329508480630934445499764679100859142070368811580173159747200119259152782134133728830662763187200412072077227165543276114110045211132424953203516725717478689891301862475120177843120600650761570745592
1344722300732851936865381250132477131515136538378289729982052831711338756723173147231136815522314814389197412954366899985533960670271554210499159343408632706653513780445431039127715120472134682708362198690520592276336537972079382666766419564957721891178175944445514163180810767526414363973146436342374115589299549271407856335086575053951718025566751740989465 641081661610831624126726538011092294062043116895136699544162827610614425278941796562755578913457188242704420122087161053122585204363524339409974825535285269184919727668000913880333321593636000594797404139851769612766769519509324971757520456661197171211533536021277066772095794379246392577195474299414541756291991545135
