10
16988905671270502114561179499111942340215531539971079410219112391210619723643321444665055157690381560178440300656571181390247878584291317678471781248877193214709055011912297031478988284196999676214951101445628069418993677533708993432425496997469491251607361377437007192431127972160543757995650901516886877358367248421192667722 1078030210214514668353859956419099217012145151070199062498643331706714076344672402715620662740881102187269185533550339703801027304014040705922219635009431016505565171632633414890630561556844701524232588174445998141648679102049761748199349412616257156931615887027529001605055354187196056021149083261210301825172337254067754217019650447547599549811416780449540751573
74731100927501945110534500107007711709048133871287276438147406888447345541913451813488451360368461417051070920612809790737165521648514373053941920364065677948371210734777754742094259914248685603510105698606151467614117713896371431537215207315285931832949145974168268443044743633871787987850513885914991170443882146644748318848707521559461570239855511 1597991008458786462882897091882066024847991678184587160611433110638408436773616492951410979048935719091560847395153514893710082654652523703061061246644910800347133150973166390437155562389084133355419645062561107390746841260611416807698115378690313394983939216811411840284631959383971122982471515130082352198666611956799265
484621777966297055857127351767381780801491404210555723011113892128527781513528284461449328159102520462686810815716359517319035301617252035979153595431624156827261091712075296193287287617707914888985203644633627024171584345416719104171854979945306836073177963276636062197122377221024313247690166013118783301691671913967113176790 7793016101638318402172978278712424373491613399228392915101177975057774893739314112408712011926184707909595667264453592685292199389904918341510441398262794858545542427821099165769319112886503421780718592077838961457815074788678729713151671202760521783465496583851022705062866508149888
13259443205073605151984403485765815788343035719453025001194541077282256910956189375994130721921130016303142179683028718510680683531503594394476940358177708322363321483511700714041311737700299440992689578360622576317214149332515845330811862751535377623081317402644184917120375099552615759506521211599311447868370966807393 1152708512206968040410032801269468146847714103161652599510964909357055365672020476320111360086521329369709535632447276995701805151097833216504173395634223311531869748423709321494295804344967661771702079418689327182335027521706278609793869850810010038708086930145832198546087298211713071903294050751400617447393560935818135580548762345969460782
1942199672028954496200983117568625697718105418941131017160189775165275448293332113095869023608163375626921389580651149555580691863533493860446195773858704156641963488029188960835930851779038361932849796255821382181465139519481384783368188158285380643967220938946404809739341539505979182622475310823424852020850931 18932807498988569491618811371110990613416628449511620197414699741019340822831017231733257685201747168444205324420515523197811504288702139367216417020140512025843485139968898096197345585759509216914183451774367801991400222129509485916423450354220095541877779654154759651062212940111153592361960499735986267850191693625838377590
8277763231854164265151105114539871304511257390668622140191132670918064476531774157211308401081491124332807955610149500527475315705212646427697913442181052837463770050411478569375196332163219167186984765302339583888461515825842958029681119804093133172978380508005154323391665064318759758988315503496011951730313458978511001157773 3556398737132386691461854274197473088716587559123276396592669905311381148013189870498370000741319693227114331578511456039409204959768516591003481495285258219569982946869926142993567413340247081163610995148230996348429441278905493202008601582022458416916469777196573443027526691190074985134783750787502141023815516926816126322987
38558482117203858301225580210258203571179910220115897201311001061215001923761101182264148958280529343018815457825523456359412093283381101543185789146020221212825371488879578498328982142995388713049685262088295935969834736226740999803227423815290098296516970126372920143947201720371121392026513493 21058186131645683598130728171883916187357991345824603797918405794737554328595705379894375484421051412429851264766885985542194627498919193638738965037502012976278960307933136608701209864666213939020539251035461747448528296216589492072446357436811439081608200184611671341092423127549177225044611920211409458769114226581340793048114193377672592676442540406842027918895
1359242447191734535484551643317606989769951328867050524751877805741177955997717057107811104784558617591485280408009605043321255970563193474056619179158147497817529015953011422292401916473407131138451912574267501254863808153781775191347753894495820416264611675136806809180056312546245621116998429 20304785612020652209655388247657897065997476821740416118126286489479466076494155609720804864032017985641198146696115465119030357417715242105011449370698102109920918419094321646386510126593895414096264132004235318405183524316479033590312316844982712888212661164717674201578224215086988020378715851679170144107774830612489678241890922599
633133828229126260158113861679589175124141259718637106021056276753549510423391516669176751420188863567156336591045754854915556313431556405517744009229161651465514457278611542207427588377857182564262419219922511145485187969655933303816814434670431183833631101990610214973921094782976539657581241959479651 48071091615341794864654871181593612141978549345833734216588250851293549747121800895184572095920403623082779840911684056324387166030153769204917870385841893085273909524609713994258467814845156375339320456235071879046832801869644912983421074354693582844252056225115166743660413013101211672148173968793361319854745129753708514726309881896130842
58930010110081561549922431031910421057137563086627107083205274753367510656110861393365037634921939885024995084402202802558616583750752051102542183221570019365545971201879358148605987493617277413131497681792786543851132276182096213111364019916432539415624353662374730841065655487512635106173873278217992852722809096954775147773408931541481056704319687454667235490 1951836441192322503213286175284781158416986236041243251191450270120874287348297724569632705526102132962316058901368005612743803113271302993018141031399819983320177688550260301770677913875113879629919945298722011435092044619991147261862312082573361350206573154708160720880870834122853616444705951118850935659058885135058260255247921116822449328454861321485455216
