10
1021681240203726927511567142016142755645884911148373425551357211698396918284115187467010638894931002007599459555902598858019855601078180708648460826847971243013116049618451470968994247948676666750354183072488695908040171670774715765099146530877214976772203939060235079147191537520947183641064016914803528052586211017497307614112705 16654022556148971461768799619289548283160667707211055110378243186461292389450409597540104399783391202961317167531419026488515832821956184740991289706726163400538164581019810643998273676940619279998371805117040162081836203503035915445492921085437116561120532270818420413529665315681921670695191645824111
17144858261027192300824169501959005097144508280947278094714260807681790724544111138798169616382510266403721687357477145249482454116004262458117519374880367885345581093871041557372429136298550138582250597569256957819418815729920405284075671947607370132850699811399535431883821371188825373782143805714190735162082515611663535515 3963704611632528051291346741613139509497689046256861832186348563425118026135090757320689166861236145731983180995591445591213314727418023164514329051336586623001996339055212307737029797157617294738438125901632693830831570111011173873628150390861820322789821088596844728068371904054000
9639278681644646072129557826511070733521997181075103557200864495920410872991207692878725782459391045708103443560435924967079100142659320064271301142926464774670136146516877618773167598009950721726471466559515346109079620913340570051487702279108882414415264994796052057491806987101661742318 3660719596609591016386211541432722444188171997115610625921194677501107955980616153229431933059791842549888013322182095970366887244854127868831679745111417704003212965028398038898271422497798127282142770777035588473511926455252957917573318085362643222837091976071111148440480212086363878763567671919087153524239388784636759329483601614429002190076582314559930191165642211
99319016767371721926722303415419771992147235323831907820140505940216317579418382216446007585491103858900149863601752481269877962189320290088644504262771580034939176375038418476926143509170751901806169534302001860869420153274815611727502571005167920122217439820628541991818186707175525634183112993616801927327922699836430897754131001096734985462660044033108842061652089707 848424012301833962374003290104411859195039622113145916168127555937780634616368874993034020541880415906118239525120658491679581616475618506411181806786211760937912838265468173158701649172005340770464905720845997398214998392151995662885170652515514272957291037666298138273943713536871061158446497575349384186031975770068991944178320195576
790074406169177362121079288590557774312904660021610897251111301919919718012827691694523393392981569629652208445418562305061966530036513626120094273308106813836909157414258164685288238946788063280951652220778214374917349388267414585080491221168546104040731583167445885358254816476266986780306643207487627879243589802055001376427389688587177652051683 328990405173606605316668958515937814995811374389917042911845590735948444202887569754199476734810212435941287333676156169642319893421625876126212442447767857111301244467703141535874670878915217236442901779126768788355426128266204316512648761739973660152329124414968658322033590724465082798152252891015700089816843747711397575695
2199168774605767565275953288212877501581132097507148140189913126919154734401521824133190092221245723504720245974752009638159821753027147450188315189026693869239401523490576119921041418528562521732620494415907222123459066615512516916684098441618074422135179543050201971164197046565789072314718848016132520195772875503132744117892891151666671789 1371173369710872542141546270610468552272106525399157061873479643524311647768501720885134144247440124132638916439845883870979651236629698467496662094942167879171828728369644110523915525846652989029938910937337253295128291999641708703491883681248678644385997566511520178060176616085278197335416491088172387166133611017906845591354437034812848173439344000
12813512671982942201117969423680268782335541876099222191317074689151421906780178786422915449638861545190569212646509917826839241068955687207551556751690913914334294631215694016461110300119617680112943074171618358458787537104183324853539033950714032279346553048411088389390120171976115809401399523975021936915059115866081916409652361142249193 8912938699342519407523737534904821631167855884119618519563437634518610964397116405031224446102963105018156052951762275313168553098010319452551751101345128155725717162484902105313368450563512472214327969007134141272258817088729174162717867924194977434047304595565039380149911334142061127242265719356025795878176951674040195
1835686199144140165592185576516627948055386079691686850883470199650902620652153855583845145491874283510415416044271954584348169228824718600460761525426915883433263575095571197279048132854294171491772413507919351574856099119665295679739112933126218418456676701818878091354801188176178334716735421201185142810 356587991132531727277617965114386078919706719672889374091663038504123465252715663994634913682601484434264264125535406937032230359154178884538213613319115877142707611922701774119433569522970123143856210134444135052222815425439898751603118989158696182704998337387208618012341821141546740732157552802812483008595549092531783612467550222597
64411880942151235190134549714629158501556582912101732802220772692877144547922632639910815449661410897930113371089748997618415699861445953911116539332893083563161506087089198850591455567315126219796818969545201862479036070106652559133042077842419813153469677509652077387933104960780213143766598293167203515019232131244013 1154146362752972619138042865415872738819857584915105722737027456982602796075974877801384386339141309277513040978201860794185288114205967486773131918459527839178610258896911861167157235604402086358997387911732322178142131765769981404912100595980454745246620789969251608617649118289476182750068610639955821495826612141685814533166912714736607691998968085116568211986696282
1355597362657820521803511514162733064116438089864719981703657802861930415033169017130617267572118918689714083639853203217315648613632084035297123662142717270824801870620486799000499409689676855532444173890487626688660153940868020768605241493505933183146578477939540520960792492011831787116564200257195768784740933656885616063667256468722186020451933681879254380 145716339190941000592120322145764094662702924446732720518885056691868074376831395533135318820235058240514289207962231851451684985232374149401771437766126215198010426886341503379821253645788129428714566420678593088168181601577410868899951344160426147010049856229124117779122001358215416443804291140166976213216972302070516945
