100
31515 114 31208 6086 27478 17754 25762 15488 6838 31185 11707 8959 16920 4687 23189 21169 17537 14804 11780 30635 32773 28471 8274 2715 9703 3259 6278 13566 24065 28132 19173 17811 14694 110121 124762 118703 114407 101577 119795 106930 126387 118051 129772 100858 122242 115456 101296 113111 129972 123476 112188 114142 101589 122501 105766 112610 118468 119819 108766 128288 132629 110649 106549 111802 129715 17594 9083 11207 8490 25184 5645 17096 7236 3065 14031 15646 30642 31139 20533 8954 9261 32066 16489 7797 5565 9167 25928 18305 12250 243 2477 27679 15569 22740 14323 10451 29802 7215 5557 25931
100
1 94
21 93
13 63
9 95
11 86
35 74
17 63
45 93
23 86
12 98
50 81
8 70
18 75
12 60
8 81
2 52
8 62
20 74
24 96
16 74
41 91
44 88
27 90
8 54
48 79
31 85
20 62
22 62
32 78
21 79
18 91
9 89
5 77
20 92
50 87
16 63
35 89
33 71
9 86
30 86
40 95
28 88
1 76
22 79
47 80
39 97
40 73
2 92
20 73
42 84
36 91
42 72
37 90
34 88
10 61
36 70
7 74
19 75
11 89
14 91
11 98
43 78
14 85
27 83
45 79
28 93
13 85
37 75
45 76
37 96
7 100
42 93
28 86
50 81
44 92
49 93
8 55
4 98
14 99
24 95
43 85
25 100
49 99
40 97
29 81
8 90
39 84
13 62
35 85
22 62
10 74
1 83
7 72
4 96
2 80
46 88
48 89
12 97
14 59
35 91
