50 51
100 -100 100 -100 100 -100 100 -100 100 -100 100 -100 100 -100 100 -100 100 -100 100 -100 100 -100 100 -100 100 -100 100 -100 100 -100 100 -100 100 -100 100 -100 100 -100 100 -100 100 -100 100 -100 100 -100 100 -100 100 -100
A 1 50 50
A 1 50 -50
R 50 1
R 49 1
R 48 1
R 47 1
M 1 1
M 1 3
M 1 1
M 1 3
M 46 1
M 46 1
M 3 1
M 3 3
M 3 5
R 46 1
R 44 2
R 42 2
R 40 2
R 37 3
R 1 2
R 1 3
R 1 2
R 1 2
R 1 1
R 1 1
R 1 1
R 1 1
R 2 2
R 1 2
A 10 10 -1
A 14 6 90
A 16 4 62
A 17 3 -21
A 10 10 -41
A 19 1 -3
A 14 1 22
A 12 8 84
A 11 9 -24
A 12 8 45
A 19 1 -1
A 15 5 37
A 18 2 69
A 19 1 56
A 17 3 -92
A 13 7 32
A 16 4 -41
A 14 5 -108
A 16 1 -36
R 1 1
M 1 10
