60 63
100 -100 100 -100 100 -100 100 -100 100 -100 100 -100 100 -100 100 -100 100 -100 100 -100 100 -100 100 -100 100 -100 100 -100 100 -100 100 -100 100 -100 100 -100 100 -100 100 -100 100 -100 100 -100 100 -100 100 -100 100 -100 100 -100 100 -100 100 -100 100 -100 100 -100
A 1 60 50
A 1 60 -50
R 60 1
R 59 1
M 1 3
M 1 3
M 58 1
M 58 1
M 2 3
R 57 2
R 54 3
R 51 3
R 1 2
R 1 1
R 3 3
R 2 2
A 42 1 -58
A 41 2 67
M 3 2
M 4 3
M 1 1
M 4 5
M 4 5
M 1 1
A 37 6 57
M 1 1
A 40 3 49
M 1 1
A 37 6 -57
M 3 1
M 1 1
M 1 4
M 1 1
M 1 1
A 40 3 34
R 42 1
A 36 6 -49
R 3 2
M 2 5
M 1 1
R 39 1
R 3 3
R 2 3
M 1 1
M 1 1
R 3 1
R 1 3
R 3 1
M 3 1
M 1 1
M 1 1
M 3 3
M 1 1
A 22 6 -66
M 1 1
A 18 10 71
M 1 1
R 25 2
A 17 2 30
M 1 1
R 7 3
A 14 3 -106
R 3 4
